0.9524727397668148 - specificity
0.9317773788150808 - accuracy
[1.         1.         0.83916084 0.97009967 0.93939394 0.92857143
 1.        ]
              precision    recall  f1-score   support

           1      0.667     1.000     0.800         2
           2      0.750     1.000     0.857         9
           3      0.984     0.839     0.906       143
           4      0.933     0.970     0.951       301
           5      0.899     0.939     0.919        66
           6      0.963     0.929     0.945        28
           7      0.727     1.000     0.842         8

    accuracy                          0.932       557
   macro avg      0.846     0.954     0.889       557
weighted avg      0.936     0.932     0.932       557